.Random.seed <-
c(403L, 12L, 1313721083L, 238961305L, -1134163160L, -419636778L, 
-795654575L, 471590147L, -1100089198L, 1188048420L, 222728423L, 
2010203453L, 1183031732L, -1900552678L, -2123670171L, 888382463L, 
1329447558L, -137788912L, -1381418829L, 629773137L, 2115387136L, 
-573248034L, -78244311L, 1270570459L, 1371382506L, 872714380L, 
-901939249L, -274180219L, 137933884L, -914393838L, -139263475L, 
1157601607L, -2050479314L, -1839765880L, -1864167541L, -1714438295L, 
-124980936L, 1777970150L, -785376383L, 610235155L, -1898890046L, 
978278260L, -1901388937L, -297894803L, -1939483900L, -826865110L, 
-1449678955L, 1426279471L, 2008417590L, 789856L, 1073466275L, 
801836225L, -48755536L, -1278383154L, 1373056825L, 2137624395L, 
-1110762246L, 1029367292L, -490662337L, 1090145045L, 179554348L, 
186218754L, -832966179L, 968560855L, 712129470L, -349647368L, 
1983953371L, 238360633L, 594100616L, 1770007862L, 2033645425L, 
-792574557L, -2108786446L, -135429052L, 462282503L, -377729315L, 
353103828L, -828399878L, -1669422523L, -1571704161L, -740335578L, 
-414931792L, 483370323L, -713924495L, -1797120608L, -1977609922L, 
-766107575L, -1355184901L, 77229258L, 1803006508L, -2105088465L, 
265627365L, -138810468L, 1083989490L, 2027587693L, 474939815L, 
171447246L, -770778840L, 1356491563L, -355661495L, -1805361576L, 
-2090545402L, 1072667361L, 1537298035L, 1711937250L, 1632111188L, 
445666135L, -1149839539L, -317297948L, 2130080458L, 1408928565L, 
1316356495L, 1517975190L, 119739968L, -938692861L, 1201170209L, 
1419259920L, -1612044306L, -482818151L, 730898475L, 585872666L, 
-894634020L, -823633441L, 1058045365L, -1477358772L, 1398286754L, 
754215165L, 1574909431L, -485829858L, 1513704920L, 1394779963L, 
174199001L, -1183302552L, -154861162L, -1000455919L, 1006138051L, 
1333693138L, 1415379812L, 1734110887L, -2117478403L, 1267864052L, 
395386586L, -2132484059L, -776671937L, 1342923462L, -1434202288L, 
807882611L, 2125091217L, 1279361984L, -736942690L, -197339287L, 
-2033101925L, -480978262L, 445166796L, -547009137L, -1761629755L, 
-821113476L, -691685934L, -1020800691L, 682710023L, -1751735314L, 
1568680648L, 1753679307L, 1915330601L, 183633528L, -298237018L, 
338200001L, -1368669613L, -1376745214L, 808468532L, -2039252553L, 
1292365229L, -2037733692L, -122369302L, 1103244629L, -636460305L, 
1118208246L, -131473376L, 1475174883L, -876027263L, 1800080624L, 
599671694L, 1542323449L, -1038203253L, -660867398L, -1715144260L, 
45558527L, -619917739L, 1881495916L, -1013724734L, -1252793827L, 
357513879L, 617812990L, -461475912L, -1970125925L, -797128199L, 
-1482811064L, -611916682L, -1090997839L, -1726128157L, -1757807438L, 
743608580L, 238541383L, -1374937827L, 1545628564L, 1530732346L, 
-2133490811L, -1362282401L, 981109478L, -861097616L, -1100490093L, 
-642186447L, -2057575968L, -1435019650L, -1882628855L, 1339928379L, 
616883978L, -1111124244L, 1791230831L, 532165797L, 1101620828L, 
2135911986L, 1959497005L, -1561904153L, 1424866062L, -365134616L, 
392926955L, -1559136375L, -1355267304L, -986315168L, 774913986L, 
4045608L, -1113696852L, 840784188L, 761440114L, 797948208L, 1161064228L, 
-1571082952L, 441821914L, -66926704L, -2098154756L, 2063339412L, 
239163458L, -974365440L, -329092036L, 784454992L, 1152034978L, 
-399780024L, -434385140L, 1848322780L, 1976744786L, -1967226240L, 
1045760084L, 331846632L, -2106734854L, -1876430512L, -2078135508L, 
561000308L, 1581951890L, 356720224L, -1006846068L, 810435424L, 
-1977507870L, 1281777576L, 2115134668L, 951889404L, 820863922L, 
969535984L, 231223748L, 704086360L, -189045382L, 1117725104L, 
-1300418628L, 1740742740L, 675341250L, -2119082976L, 1751841980L, 
-1604279728L, 810788834L, 1560571496L, -1517061556L, -916061956L, 
314232818L, 166630656L, 253349748L, 1756385288L, 31935930L, -1208007216L, 
1979333612L, 1040314260L, 1689576402L, -1151641760L, -60682932L, 
-602833632L, 328811394L, -1526136088L, 111887596L, -1010593220L, 
-1687374990L, 1865648752L, -1890590684L, -16371912L, -1002793830L, 
-1189463344L, -71194436L, 1041176212L, -1418015102L, 65735872L, 
-1100979908L, -2084480880L, -1486826974L, 867216904L, -1986442996L, 
1984346780L, -1077987822L, -665926272L, 1398089236L, 1390534184L, 
248067386L, 183265232L, 1472995948L, -530772172L, 1632160402L, 
-587937440L, -1775478452L, -1722073120L, -1982322782L, 1462726568L, 
-1247177844L, -900254020L, 224050034L, -684222224L, 1156132932L, 
-1886999208L, -1235164102L, 2059770736L, 937028668L, -270994668L, 
905994690L, -1701920544L, 1727162236L, 968337104L, 918894242L, 
-605000664L, -1687760628L, 1048402876L, 562076978L, -1529399360L, 
-537451980L, 229637064L, 1461634234L, 1925648272L, 663305708L, 
-2009079724L, 175607442L, 84235040L, 489051596L, -1441178656L, 
630622914L, 213731880L, -1397184852L, 570436284L, 1188919794L, 
-182826704L, 112401572L, -17462600L, -956894374L, -1249282672L, 
1996177788L, 1365005588L, -1165708990L, -269829376L, -958710852L, 
-1783110832L, 586078498L, -204686008L, -73938932L, 1444986972L, 
-2060809006L, 1611524096L, 1674730324L, 1039755752L, -2134941702L, 
46341840L, -1655392980L, 990367988L, 1733269394L, 202914912L, 
1487711500L, -555868448L, 71253346L, -1063685464L, -1244591540L, 
-1550964868L, -455214286L, 986637936L, 986328388L, 821271512L, 
34226298L, 840775216L, -2054245700L, -1601296556L, -579530174L, 
-1743834208L, -1601261380L, -2092258864L, -1671645854L, -262120472L, 
1391689676L, -506472708L, -271851534L, 667110528L, -800122636L, 
-1157393272L, -890108614L, -1914608816L, -1506833300L, 547418260L, 
442161490L, -385431840L, -1119313716L, 461107360L, -1657015934L, 
1190645992L, -918576916L, 209829948L, -1960435598L, 1350682736L, 
1652447780L, -59760072L, -1816014310L, -2056128304L, 1794569788L, 
2113524884L, -672357246L, -221450304L, -1341901508L, 1117431440L, 
-1214137310L, 1992599560L, -1494829940L, 1250617372L, 1928643730L, 
-41444224L, -593544172L, -930270424L, 1479281722L, -913195824L, 
473009260L, -1380239692L, -1591926766L, -213000224L, -1105882164L, 
-71404064L, -800908254L, 1108481320L, -1448439510L, -1285200033L, 
1820157673L, 2086897150L, 1626233324L, -1340595907L, 1027879175L, 
-148832016L, -938369906L, -1714317637L, -1905121635L, 455533130L, 
1588887656L, -634458031L, -713956541L, 2052523588L, 926889202L, 
-107745081L, -978812271L, 208911382L, 2081973876L, -1770331899L, 
-2081177777L, -1148143288L, 683885798L, 1136433683L, -1282368139L, 
1269752146L, 495045024L, -100630391L, 1497835707L, 401605388L, 
1567621786L, 1963436047L, 993266777L, -398745362L, 2097521532L, 
-1601646611L, 177940631L, -1291201696L, 236278590L, 704936971L, 
1774197901L, 636009914L, 917689336L, -1195962463L, -732034733L, 
-65861516L, -1474258430L, -4172649L, 493565537L, 607207078L, 
-1427650908L, -2015087787L, 1184583679L, -294703464L, 281703350L, 
-1984776125L, -1633250939L, -1375808990L, 1853577488L, -642742087L, 
-1703686805L, 302666844L, -1302644342L, -787583617L, -218963767L, 
-1091357346L, -1960221172L, 1155529181L, 94128359L, 141569296L, 
-1094294482L, 684727003L, -1729983555L, 610043178L, 1109014984L, 
768141041L, 2033354851L, 400993380L, -1614757998L, 321614951L, 
1321851953L, 1205314934L, 1693754004L, 1030365349L, -535505489L, 
-914502040L, 753604166L, -1795189773L, 520172373L, -1105658574L, 
-504540928L, -1787270679L, -1098949541L, 1521587884L, -2043174726L, 
1572715119L, 1877403641L, 1363043982L, -1096579236L, -762782771L, 
-1122378953L, -106569280L, -360073570L, 572530539L, 1619830509L, 
-1397419174L, -37670888L, -6546047L, -123303117L, -1911834284L, 
1448627042L, -802625545L, -371341247L, 639671494L, 760027652L, 
-1438984779L, -1399657825L, 1332775672L, 239943382L, -340907165L, 
45802277L, -1743703870L, -1321124432L, -893420071L, 553417547L, 
-1278006852L, -1404565014L, -1093857761L, 117050537L, 1436095550L, 
2051173676L, -846178435L, -67103289L, -495955792L, -368128306L, 
198939643L, -1412066211L, -2041132150L, 1714518952L, 2131097873L, 
-1152577533L, 1730515716L, -1593725134L, -1076343417L, -2116332591L, 
